1686624037.445016623     1.000000000     0.000000000     0.000000000     0.000000000     0.000000000     1.000000000     0.000000000     0.000000000     0.000000000     0.000000000     1.000000000     0.000000000
1686624037.454549074     1.000000000    -0.000010592     0.000000000     0.000000454     0.000010592     1.000000000     0.000000000     0.000003635     0.000000000     0.000000000     1.000000000    -0.000004089
1686624037.464650631     1.000000000     0.000000632     0.000000000     0.000001927    -0.000000632     1.000000000    -0.000000000     0.000014910    -0.000000000     0.000000000     1.000000000    -0.000018368
1686624037.474666834     1.000000000    -0.000021626     0.000000000     0.000003894     0.000021626     1.000000000     0.000000000     0.000033643     0.000000000     0.000000000     1.000000000    -0.000041100
1686624037.482971907     1.000000000    -0.000030854     0.000000000     0.000004835     0.000030854     1.000000000     0.000000000     0.000055953     0.000000000     0.000000000     1.000000000    -0.000065204
1686624037.494423866     1.000000000    -0.000018129     0.000000000     0.000003869     0.000018129     1.000000000     0.000000000     0.000098029     0.000000000     0.000000000     1.000000000    -0.000107491
1686624037.504394770     1.000000000    -0.000018129     0.000000000     0.000002383     0.000018129     1.000000000     0.000000000     0.000143852     0.000000000     0.000000000     1.000000000    -0.000151859
1686624037.514438868     1.000000000    -0.000018129     0.000000000     0.000001892     0.000018129     1.000000000     0.000000000     0.000199065     0.000000000     0.000000000     1.000000000    -0.000203088
1686624037.525288820     1.000000000    -0.000018129     0.000000000     0.000001905     0.000018129     1.000000000     0.000000000     0.000269411     0.000000000     0.000000000     1.000000000    -0.000265773
1686624037.533136368     1.000000000    -0.000026849     0.000000001     0.000001299     0.000026849     0.999999999    -0.000026528     0.000327083    -0.000000000     0.000026528     1.000000000    -0.000315206
1686624037.544501066     1.000000000    -0.000014222     0.000000001    -0.000000471     0.000014222     1.000000000    -0.000026529     0.000418431    -0.000000001     0.000026529     1.000000000    -0.000394188
1686624037.554603577     1.000000000    -0.000025447     0.000000001    -0.000002044     0.000025447     0.999999999    -0.000026529     0.000507642    -0.000000000     0.000026529     1.000000000    -0.000473647
1686624037.564589024     0.999999999    -0.000036542     0.000000001    -0.000003600     0.000036542     0.999999999    -0.000026529     0.000604820    -0.000000000     0.000026529     1.000000000    -0.000562202
1686624037.574772596     0.999999998    -0.000059172     0.000000001    -0.000006223     0.000059172     0.999999998    -0.000026530     0.000713661     0.000000001     0.000026530     1.000000000    -0.000662764
1686624037.582775593     0.999999996    -0.000085849     0.000000001    -0.000009100     0.000085849     0.999999996    -0.000026530     0.000806135     0.000000001     0.000026530     1.000000000    -0.000747294
1686624037.595124722     0.999999994    -0.000113291     0.000000001    -0.000013541     0.000113291     0.999999993    -0.000026530     0.000960105     0.000000002     0.000026530     1.000000000    -0.000886525
1686624037.604573250     0.999999992    -0.000123789     0.000000001    -0.000016939     0.000123789     0.999999992    -0.000026531     0.001086259     0.000000002     0.000026531     1.000000000    -0.001001601
1686624037.614561081     0.999999992    -0.000123789     0.000000001    -0.000021031     0.000123789     0.999999992    -0.000026531     0.001226881     0.000000002     0.000026531     1.000000000    -0.001132453
1686624037.624844074     0.999999988    -0.000158066     0.000000001    -0.000026816     0.000158066     0.999999987    -0.000026531     0.001380499     0.000000003     0.000026531     1.000000000    -0.001276022
1686624037.633324385     0.999999989    -0.000148586    -0.000000015    -0.000033538     0.000148586     0.999999949    -0.000284421     0.001513966     0.000000058     0.000284421     0.999999960    -0.001400428
1686624037.644689083     0.999999989    -0.000148586    -0.000000015    -0.000045931     0.000148586     0.999999949    -0.000284426     0.001694852     0.000000058     0.000284426     0.999999960    -0.001571847
1686624037.654616117     0.999999987    -0.000159616    -0.000000015    -0.000058942     0.000159616     0.999999947    -0.000284431     0.001861510     0.000000061     0.000284431     0.999999960    -0.001728484
1686624037.664657116     0.999999987    -0.000159616    -0.000000015    -0.000073610     0.000159616     0.999999947    -0.000284435     0.002039835     0.000000061     0.000284435     0.999999960    -0.001894947
1686624037.674835920     0.999999985    -0.000170926    -0.000000015    -0.000090022     0.000170925     0.999999945    -0.000284439     0.002232158     0.000000064     0.000284439     0.999999960    -0.002070874
1686624037.682907820     0.999999985    -0.000170926    -0.000000015    -0.000104101     0.000170925     0.999999945    -0.000284443     0.002391679     0.000000064     0.000284443     0.999999960    -0.002214960
1686624037.694739580     0.999999983    -0.000184072    -0.000000015    -0.000127093     0.000184072     0.999999943    -0.000284448     0.002633420     0.000000068     0.000284448     0.999999960    -0.002436754
1686624037.704634905     0.999999983    -0.000184072    -0.000000015    -0.000147005     0.000184072     0.999999943    -0.000284452     0.002842825     0.000000068     0.000284452     0.999999960    -0.002632901
1686624037.714861631     0.999999981    -0.000195435    -0.000000015    -0.000167079     0.000195435     0.999999940    -0.000284456     0.003066683     0.000000071     0.000284456     0.999999960    -0.002846409
1686624037.724895239     0.999999976    -0.000217732    -0.000000015    -0.000186776     0.000217732     0.999999936    -0.000284461     0.003295675     0.000000077     0.000284461     0.999999960    -0.003064537
1686624037.733251810     0.999999974    -0.000226556    -0.000000291    -0.000202135     0.000226556     0.999999324    -0.001140112     0.003494284     0.000000549     0.001140111     0.999999350    -0.003252631
1686624037.744827509     0.999999974    -0.000226556    -0.000000291    -0.000219950     0.000226556     0.999999324    -0.001140135     0.003754831     0.000000549     0.001140135     0.999999350    -0.003517142
1686624037.755499125     0.999999972    -0.000238413    -0.000000291    -0.000234523     0.000238413     0.999999322    -0.001140157     0.004005014     0.000000562     0.001140157     0.999999350    -0.003771144
1686624037.764791965     0.999999974    -0.000228088    -0.000000291    -0.000246784     0.000228088     0.999999324    -0.001140176     0.004230192     0.000000551     0.001140176     0.999999350    -0.003999677
1686624037.774884224     0.999999966    -0.000261729    -0.000000291    -0.000259633     0.000261728     0.999999316    -0.001140196     0.004482969     0.000000589     0.001140196     0.999999350    -0.004255135
1686624037.782875061     0.999999963    -0.000270608    -0.000000291    -0.000270127     0.000270607     0.999999313    -0.001140212     0.004689216     0.000000599     0.001140212     0.999999350    -0.004463006
1686624037.794847012     0.999999956    -0.000297212    -0.000000291    -0.000287049     0.000297211     0.999999306    -0.001140237     0.005007649     0.000000629     0.001140237     0.999999350    -0.004786379
1686624037.804800987     0.999999949    -0.000319332    -0.000000291    -0.000302212     0.000319331     0.999999299    -0.001140257     0.005281017     0.000000655     0.001140257     0.999999350    -0.005064164
1686624037.814867258     0.999999949    -0.000319332    -0.000000291    -0.000318558     0.000319331     0.999999299    -0.001140278     0.005564912     0.000000655     0.001140277     0.999999350    -0.005352133
1686624037.824999809     0.999999953    -0.000308073    -0.000000291    -0.000335523     0.000308073     0.999999302    -0.001140298     0.005857728     0.000000642     0.001140298     0.999999350    -0.005650689
1686624037.833408117     0.999999944    -0.000335279    -0.000000772    -0.000349958     0.000335275     0.999996016    -0.002802696     0.006106088     0.000001712     0.002802695     0.999996072    -0.005906509
1686624037.844805241     0.999999948    -0.000322615    -0.000000772    -0.000370648     0.000322612     0.999996020    -0.002802761     0.006393288     0.000001676     0.002802761     0.999996072    -0.006253447
1686624037.854842901     0.999999944    -0.000333768    -0.000000772    -0.000389446     0.000333765     0.999996016    -0.002802819     0.006652413     0.000001708     0.002802818     0.999996072    -0.006569874
1686624037.864848852     0.999999944    -0.000333768    -0.000000772    -0.000408689     0.000333765     0.999996016    -0.002802876     0.006917509     0.000001708     0.002802876     0.999996072    -0.006893300
1686624037.875016928     0.999999940    -0.000345066    -0.000000772    -0.000428241     0.000345062     0.999996012    -0.002802935     0.007194877     0.000001739     0.002802934     0.999996072    -0.007230145
1686624037.882883549     0.999999937    -0.000353806    -0.000000772    -0.000442970     0.000353803     0.999996009    -0.002802980     0.007414717     0.000001764     0.002802980     0.999996072    -0.007497333
1686624037.894826651     0.999999937    -0.000353806    -0.000000772    -0.000465336     0.000353803     0.999996009    -0.002803049     0.007755907     0.000001764     0.002803048     0.999996071    -0.007915965
1686624037.904850721     0.999999933    -0.000364944    -0.000000772    -0.000486122     0.000364941     0.999996005    -0.002803106     0.008048685     0.000001795     0.002803106     0.999996071    -0.008278916
1686624037.914974928     0.999999937    -0.000353695    -0.000000772    -0.000509662     0.000353692     0.999996009    -0.002803165     0.008350278     0.000001764     0.002803164     0.999996071    -0.008654134
1686624037.925337553     0.999999933    -0.000365209    -0.000000772    -0.000534284     0.000365205     0.999996004    -0.002803224     0.008663487     0.000001796     0.002803224     0.999996071    -0.009048286
1686624037.933442116     0.999999930    -0.000373154    -0.000001996    -0.000553543     0.000373140     0.999987551    -0.004975775     0.008911136     0.000003852     0.004975774     0.999987621    -0.009363877
1686624037.944921255     0.999999930    -0.000373154    -0.000001996    -0.000580826     0.000373140     0.999987550    -0.004975907     0.009181265     0.000003853     0.004975906     0.999987620    -0.009797949
1686624037.954940081     0.999999934    -0.000362022    -0.000001996    -0.000604644     0.000362008     0.999987554    -0.004976022     0.009420424     0.000003797     0.004976021     0.999987620    -0.010184308
1686624037.965187311     0.999999939    -0.000350636    -0.000001996    -0.000629535     0.000350622     0.999987557    -0.004976139     0.009668320     0.000003741     0.004976138     0.999987619    -0.010588813
1686624037.975229979     0.999999942    -0.000339478    -0.000001996    -0.000654953     0.000339464     0.999987561    -0.004976255     0.009913999     0.000003685     0.004976254     0.999987618    -0.010997432
1686624037.982942581     0.999999945    -0.000330908    -0.000001996    -0.000675458     0.000330894     0.999987563    -0.004976343     0.010104754     0.000003643     0.004976342     0.999987618    -0.011317747
1686624037.994951248     0.999999936    -0.000357594    -0.000001996    -0.000709760     0.000357580     0.999987553    -0.004976481     0.010406667     0.000003776     0.004976480     0.999987617    -0.011822364
1686624038.004974365     0.999999940    -0.000346457    -0.000001996    -0.000740604     0.000346443     0.999987557    -0.004976596     0.010662738     0.000003720     0.004976595     0.999987617    -0.012250539
1686624038.015303612     0.999999940    -0.000346457    -0.000001996    -0.000772897     0.000346443     0.999987556    -0.004976714     0.010930482     0.000003721     0.004976713     0.999987616    -0.012700167
1686624038.026451349     0.999999936    -0.000358843    -0.000001996    -0.000806558     0.000358829     0.999987551    -0.004976842     0.011224428     0.000003782     0.004976841     0.999987615    -0.013196825
1686624038.033693790     0.999999936    -0.000357783    -0.000004760    -0.000828026     0.000357740     0.999974787    -0.007092000     0.011418955     0.000007298     0.007091998     0.999974851    -0.013525217
1686624038.045030594     0.999999936    -0.000357783    -0.000004761    -0.000861675     0.000357740     0.999974786    -0.007092204     0.011637810     0.000007298     0.007092202     0.999974850    -0.014016941
1686624038.055178881     0.999999932    -0.000369058    -0.000004761    -0.000891806     0.000369015     0.999974781    -0.007092387     0.011837726     0.000007378     0.007092385     0.999974849    -0.014464567
1686624038.065041542     0.999999932    -0.000369058    -0.000004761    -0.000921096     0.000369015     0.999974779    -0.007092565     0.012034099     0.000007378     0.007092563     0.999974847    -0.014909407
1686624038.075192928     0.999999932    -0.000369058    -0.000004761    -0.000950737     0.000369015     0.999974778    -0.007092748     0.012237854     0.000007379     0.007092746     0.999974846    -0.015377891
1686624038.083202362     0.999999938    -0.000351259    -0.000004761    -0.000973722     0.000351217     0.999974783    -0.007092893     0.012399735     0.000007253     0.007092891     0.999974845    -0.015753166
1686624038.095143080     0.999999934    -0.000364526    -0.000004762    -0.001007999     0.000364484     0.999974777    -0.007093108     0.012643546     0.000007347     0.007093106     0.999974844    -0.016318544
1686624038.104967833     0.999999934    -0.000364526    -0.000004762    -0.001036210     0.000364483     0.999974776    -0.007093286     0.012845899     0.000007347     0.007093283     0.999974842    -0.016790487
1686624038.114978075     0.999999929    -0.000375649    -0.000004762    -0.001064961     0.000375605     0.999974771    -0.007093466     0.013053673     0.000007427     0.007093464     0.999974841    -0.017280748
1686624038.125268936     0.999999925    -0.000387083    -0.000004762    -0.001095056     0.000387039     0.999974765    -0.007093652     0.013269999     0.000007508     0.007093649     0.999974840    -0.017794077
1686624038.133399010     0.999999718    -0.000394922     0.000638708    -0.000121220     0.000403373     0.999911664    -0.013285377     0.003856719    -0.000633405     0.013285631     0.999911541    -0.009561331
1686624038.145077944     0.999999707    -0.000420875     0.000638728    -0.000114616     0.000429324     0.999911648    -0.013285749     0.003673142    -0.000633080     0.013286019     0.999911537    -0.009908301
1686624038.155550957     0.999999697    -0.000444149     0.000638745    -0.000107429     0.000452596     0.999911634    -0.013286082     0.003505114    -0.000632788     0.013286367     0.999911532    -0.010228048
1686624038.165299177     0.999999688    -0.000465811     0.000638761    -0.000099147     0.000474257     0.999911620    -0.013286392     0.003347283    -0.000632516     0.013286691     0.999911528    -0.010535854
1686624038.175208569     0.999999677    -0.000487832     0.000638778    -0.000089645     0.000496277     0.999911605    -0.013286707     0.003185457    -0.000632240     0.013287020     0.999911524    -0.010857900
1686624038.182879686     0.999999677    -0.000487832     0.000638791    -0.000082462     0.000496277     0.999911601    -0.013286952     0.003058189    -0.000632252     0.013287264     0.999911521    -0.011111213
1686624038.195086956     0.999999677    -0.000487833     0.000638811    -0.000072707     0.000496278     0.999911596    -0.013287340     0.002852073    -0.000632272     0.013287653     0.999911515    -0.011521526
1686624038.204977751     0.999999677    -0.000487833     0.000638827    -0.000065826     0.000496278     0.999911592    -0.013287655     0.002680892    -0.000632289     0.013287967     0.999911511    -0.011862932
1686624038.215081930     0.999999677    -0.000487833     0.000638844    -0.000059184     0.000496279     0.999911588    -0.013287976     0.002501061    -0.000632305     0.013288289     0.999911507    -0.012221763
1686624038.225197792     0.999999660    -0.000521552     0.000638861    -0.000053436     0.000529996     0.999911566    -0.013288298     0.002316988    -0.000631874     0.013288632     0.999911503    -0.012588123
1686624038.233451366     0.999999649    -0.000538358     0.000642686    -0.000049112     0.000546015     0.999928156    -0.011974341     0.002163867    -0.000636193     0.011974688     0.999928098    -0.012890794
1686624038.245062351     0.999999642    -0.000551259     0.000642705    -0.000042170     0.000558916     0.999928145    -0.011974631     0.001994933    -0.000636058     0.011974986     0.999928095    -0.013302190
1686624038.255102158     0.999999635    -0.000562415     0.000642722    -0.000035493     0.000570071     0.999928136    -0.011974882     0.001845887    -0.000635941     0.011975244     0.999928092    -0.013665820
1686624038.265073299     0.999999641    -0.000551336     0.000642739    -0.000030730     0.000558993     0.999928139    -0.011975131     0.001695736    -0.000636090     0.011975486     0.999928089    -0.014036884
1686624038.275444746     0.999999628    -0.000574383     0.000642756    -0.000028782     0.000582040     0.999928123    -0.011975390     0.001535147    -0.000635831     0.011975759     0.999928086    -0.014431747
1686624038.282925129     0.999999628    -0.000574383     0.000642769    -0.000027737     0.000582040     0.999928121    -0.011975576     0.001416664    -0.000635844     0.011975946     0.999928084    -0.014721753
1686624038.295085907     0.999999636    -0.000560872     0.000642789    -0.000025300     0.000568529     0.999928125    -0.011975880     0.001222086    -0.000636026     0.011976241     0.999928080    -0.015203888
1686624038.305005789     0.999999642    -0.000549849     0.000642806    -0.000023617     0.000557508     0.999928128    -0.011976127     0.001062032    -0.000636175     0.011976482     0.999928077    -0.015604996
1686624038.315350533     0.999999642    -0.000549849     0.000642823    -0.000022237     0.000557509     0.999928125    -0.011976386     0.000893875    -0.000636192     0.011976740     0.999928074    -0.016029524
1686624038.325264454     0.999999642    -0.000549850     0.000642840    -0.000020783     0.000557509     0.999928122    -0.011976633     0.000730573    -0.000636208     0.011976987     0.999928071    -0.016444822
1686624038.333304644     0.999999624    -0.000575544     0.000648704    -0.000018909     0.000582416     0.999943178    -0.010644292     0.000595593    -0.000642541     0.010644665     0.999943138    -0.016789142
1686624038.345198154     0.999999608    -0.000601974     0.000648725    -0.000012754     0.000608845     0.999943160    -0.010644496     0.000450891    -0.000642280     0.010644887     0.999943135    -0.017283555
1686624038.355141878     0.999999621    -0.000579876     0.000648742    -0.000005747     0.000586749     0.999943172    -0.010644668     0.000328260    -0.000642532     0.010645044     0.999943133    -0.017707321
1686624038.365121841     0.999999628    -0.000568788     0.000648759     0.000002405     0.000575661     0.999943176    -0.010644839     0.000204336    -0.000642667     0.010645209     0.999943132    -0.018141524
1686624038.375412941     0.999999634    -0.000557353     0.000648776     0.000013566     0.000564228     0.999943181    -0.010645017     0.000074635    -0.000642806     0.010645379     0.999943130    -0.018599117
1686624038.383215904     0.999999629    -0.000566023     0.000648790     0.000023371     0.000572898     0.999943175    -0.010645151    -0.000025278    -0.000642727     0.010645519     0.999943128    -0.018951486
1686624038.395130873     0.999999614    -0.000592501     0.000648810     0.000037907     0.000599374     0.999943157    -0.010645356    -0.000181816    -0.000642466     0.010645741     0.999943126    -0.019496558
1686624038.405247211     0.999999621    -0.000581260     0.000648827     0.000049323     0.000588135     0.999943162    -0.010645530    -0.000317976    -0.000642603     0.010645908     0.999943124    -0.019966505
1686624038.415367126     0.999999621    -0.000581260     0.000648845     0.000058824     0.000588135     0.999943160    -0.010645705    -0.000456090    -0.000642620     0.010646082     0.999943122    -0.020444761
1686624038.425230980     0.999999621    -0.000581260     0.000648862     0.000067203     0.000588135     0.999943158    -0.010645874    -0.000591068    -0.000642637     0.010646252     0.999943121    -0.020919722
1686624038.433337212     0.999999610    -0.000589535     0.000657811     0.000074216     0.000595784     0.999954318    -0.009539771    -0.000701857    -0.000652157     0.009540159     0.999954279    -0.021315900
1686624038.445375919     0.999999594    -0.000616288     0.000657832     0.000084662     0.000622536     0.999954300    -0.009539892    -0.000811598    -0.000651923     0.009540297     0.999954278    -0.021876764
1686624038.455064774     0.999999580    -0.000637819     0.000657849     0.000093154     0.000644066     0.999954286    -0.009539989    -0.000898711    -0.000651735     0.009540409     0.999954277    -0.022334978
1686624038.465029240     0.999999587    -0.000626747     0.000657867     0.000102012     0.000632995     0.999954292    -0.009540090    -0.000987119    -0.000651858     0.009540502     0.999954276    -0.022814020
1686624038.475049973     0.999999580    -0.000637881     0.000657885     0.000111556     0.000644129     0.999954284    -0.009540190    -0.001075793    -0.000651769     0.009540610     0.999954275    -0.023305719
1686624038.482769489     0.999999580    -0.000637881     0.000657898     0.000119431     0.000644129     0.999954283    -0.009540268    -0.001144586    -0.000651783     0.009540688     0.999954274    -0.023691017
1686624038.495115519     0.999999571    -0.000651599     0.000657920     0.000131573     0.000657846     0.999954273    -0.009540392    -0.001256189    -0.000651673     0.009540821     0.999954273    -0.024318324
1686624038.504886150     0.999999571    -0.000651599     0.000657937     0.000140312     0.000657847     0.999954272    -0.009540491    -0.001345908    -0.000651691     0.009540919     0.999954272    -0.024822539
1686624038.514976025     0.999999556    -0.000674021     0.000657955     0.000149495     0.000680268     0.999954256    -0.009540592    -0.001440351    -0.000651494     0.009541036     0.999954271    -0.025351760
1686624038.525094032     0.999999541    -0.000696505     0.000657973     0.000160374     0.000702751     0.999954240    -0.009540694    -0.001535329    -0.000651298     0.009541152     0.999954270    -0.025892110
1686624038.533260107     0.999999527    -0.000705152     0.000670510     0.000170040     0.000711020     0.999961096    -0.008792116    -0.001611376    -0.000664284     0.008792589     0.999961124    -0.026333727
1686624038.544965506     0.999999508    -0.000731164     0.000670532     0.000185369     0.000737031     0.999961077    -0.008792170    -0.001682241    -0.000664077     0.008792660     0.999961123    -0.026933798
1686624038.555150509     0.999999508    -0.000731164     0.000670550     0.000199429     0.000737031     0.999961076    -0.008792218    -0.001743936    -0.000664096     0.008792708     0.999961123    -0.027463747
1686624038.564865828     0.999999516    -0.000720369     0.000670568     0.000213465     0.000726237     0.999961084    -0.008792263    -0.001802843    -0.000664208     0.008792746     0.999961122    -0.027977838
1686624038.575220108     0.999999507    -0.000731874     0.000670587     0.000229092     0.000737741     0.999961075    -0.008792311    -0.001865128    -0.000664126     0.008792802     0.999961122    -0.028538148
1686624038.582445621     0.999999513    -0.000723845     0.000670601     0.000240147     0.000729714     0.999961080    -0.008792345    -0.001908310    -0.000664210     0.008792830     0.999961122    -0.028934383
1686624038.595185757     0.999999523    -0.000709689     0.000670624     0.000259192     0.000715559     0.999961090    -0.008792404    -0.001983941    -0.000664358     0.008792880     0.999961121    -0.029636773
1686624038.604995251     0.999999515    -0.000720589     0.000670642     0.000273948     0.000726458     0.999961082    -0.008792450    -0.002042662    -0.000664280     0.008792933     0.999961121    -0.030184702
1686624038.614997864     0.999999515    -0.000720589     0.000670661     0.000290133     0.000726458     0.999961081    -0.008792497    -0.002103547    -0.000664299     0.008792980     0.999961120    -0.030755274
1686624038.625285149     0.999999532    -0.000697728     0.000670680     0.000306908     0.000703598     0.999961097    -0.008792545    -0.002166199    -0.000664519     0.008793012     0.999961120    -0.031352420
1686624038.633250237     0.999999520    -0.000697421     0.000688112     0.000318913     0.000703114     0.999965237    -0.008308433    -0.002214702    -0.000682294     0.008308913     0.999965248    -0.031820770
1686624038.645022154     0.999999520    -0.000697421     0.000688135     0.000336207     0.000703115     0.999965237    -0.008308442    -0.002261144    -0.000682317     0.008308922     0.999965248    -0.032474953
1686624038.655096531     0.999999512    -0.000708615     0.000688155     0.000349029     0.000714308     0.999965229    -0.008308450    -0.002300472    -0.000682244     0.008308937     0.999965247    -0.033044219
1686624038.665361881     0.999999496    -0.000731427     0.000688175     0.000361235     0.000737119     0.999965212    -0.008308458    -0.002339066    -0.000682074     0.008308961     0.999965247    -0.033632569
1686624038.675155878     0.999999471    -0.000764073     0.000688195     0.000373530     0.000769765     0.999965188    -0.008308465    -0.002373511    -0.000681822     0.008308990     0.999965247    -0.034203632
1686624038.682516575     0.999999465    -0.000772252     0.000688209     0.000382916     0.000777943     0.999965181    -0.008308470    -0.002397824    -0.000681769     0.008309001     0.999965247    -0.034638630
1686624038.694985151     0.999999432    -0.000813814     0.000688234     0.000396846     0.000819504     0.999965148    -0.008308480    -0.002438986    -0.000681448     0.008309039     0.999965247    -0.035384075
1686624038.705225706     0.999999450    -0.000791057     0.000688254     0.000408192     0.000796748     0.999965167    -0.008308488    -0.002471968    -0.000681657     0.008309031     0.999965247    -0.036004386
1686624038.714968920     0.999999433    -0.000812708     0.000688273     0.000420628     0.000818399     0.999965149    -0.008308495    -0.002501927    -0.000681497     0.008309054     0.999965247    -0.036603222
1686624038.725019217     0.999999442    -0.000801541     0.000688293     0.000433105     0.000807232     0.999965158    -0.008308503    -0.002532901    -0.000681609     0.008309054     0.999965247    -0.037230809
1686624038.733124495     0.999999419    -0.000810313     0.000710998     0.000442842     0.000816017     0.999967191    -0.008059237    -0.002558283    -0.000704444     0.008059813     0.999967271    -0.037741555
1686624038.744970322     0.999999419    -0.000810313     0.000711023     0.000458777     0.000816017     0.999967191    -0.008059220    -0.002580257    -0.000704469     0.008059795     0.999967271    -0.038436575
1686624038.755021095     0.999999419    -0.000810313     0.000711045     0.000471952     0.000816017     0.999967191    -0.008059205    -0.002596972    -0.000704491     0.008059780     0.999967271    -0.039031700
1686624038.765574694     0.999999409    -0.000822039     0.000711067     0.000487673     0.000827743     0.999967182    -0.008059189    -0.002614368    -0.000704419     0.008059773     0.999967271    -0.039663087
1686624038.775709391     0.999999400    -0.000833300     0.000711089     0.000504066     0.000839003     0.999967172    -0.008059174    -0.002630396    -0.000704350     0.008059766     0.999967271    -0.040277716
1686624038.782668352     0.999999400    -0.000833299     0.000711104     0.000515024     0.000839004     0.999967172    -0.008059164    -0.002640955    -0.000704365     0.008059756     0.999967272    -0.040704580
1686624038.795058966     0.999999377    -0.000860834     0.000711130     0.000535358     0.000866537     0.999967149    -0.008059145    -0.002659578    -0.000704169     0.008059757     0.999967272    -0.041472946
1686624038.804850101     0.999999377    -0.000860834     0.000711151     0.000553128     0.000866538     0.999967149    -0.008059131    -0.002673170    -0.000704190     0.008059742     0.999967272    -0.042088126
1686624038.814986467     0.999999367    -0.000872097     0.000711173     0.000574746     0.000877800     0.999967140    -0.008059116    -0.002685044    -0.000704121     0.008059735     0.999967272    -0.042735060
1686624038.825085878     0.999999367    -0.000872096     0.000711194     0.000597500     0.000877800     0.999967140    -0.008059101    -0.002695678    -0.000704143     0.008059720     0.999967272    -0.043389281
1686624038.832757711     0.999999339    -0.000880395     0.000740190     0.000614184     0.000886269     0.999967827    -0.007972401    -0.002703949    -0.000733148     0.007973052     0.999967946    -0.043890983
1686624038.845124006     0.999999338    -0.000880395     0.000740219     0.000643785     0.000886269     0.999967827    -0.007972372    -0.002710262    -0.000733177     0.007973023     0.999967946    -0.044644247
1686624038.855070353     0.999999338    -0.000880395     0.000740243     0.000668383     0.000886269     0.999967828    -0.007972349    -0.002713714    -0.000733200     0.007973000     0.999967946    -0.045259772
1686624038.865053177     0.999999329    -0.000891487     0.000740267     0.000693780     0.000897361     0.999967818    -0.007972325    -0.002717424    -0.000733136     0.007972984     0.999967947    -0.045886945
1686624038.875217915     0.999999318    -0.000902781     0.000740291     0.000718821     0.000908655     0.999967808    -0.007972302    -0.002720960    -0.000733070     0.007972969     0.999967947    -0.046533157
1686624038.881793737     0.999999325    -0.000895475     0.000740306     0.000733763     0.000901348     0.999967815    -0.007972286    -0.002723124    -0.000733143     0.007972948     0.999967947    -0.046954594
1686624038.894967079     0.999999298    -0.000924749     0.000740337     0.000761586     0.000930622     0.999967788    -0.007972255    -0.002723681    -0.000732941     0.007972939     0.999967947    -0.047808722
1686624038.904947758     0.999999288    -0.000935838     0.000740361     0.000781176     0.000941711     0.999967778    -0.007972232    -0.002721192    -0.000732876     0.007972923     0.999967947    -0.048465653
1686624038.915311337     0.999999266    -0.000958868     0.000740386     0.000799088     0.000964740     0.999967756    -0.007972207    -0.002717831    -0.000732717     0.007972916     0.999967947    -0.049154537
1686624038.925020218     0.999999266    -0.000958868     0.000740408     0.000814551     0.000964740     0.999967756    -0.007972185    -0.002713955    -0.000732740     0.007972893     0.999967948    -0.049806594
1686624038.932915449     0.999999238    -0.000958637     0.000777389     0.000827308     0.000964836     0.999967430    -0.008012942    -0.002710319    -0.000769682     0.008013686     0.999967594    -0.050343054
1686624038.944984436     0.999999238    -0.000958637     0.000777421     0.000852496     0.000964836     0.999967431    -0.008012919    -0.002703998    -0.000769714     0.008013663     0.999967594    -0.051104782
1686624038.955158949     0.999999238    -0.000958637     0.000777448     0.000874866     0.000964836     0.999967431    -0.008012899    -0.002696095    -0.000769742     0.008013643     0.999967594    -0.051754250
1686624038.965044260     0.999999228    -0.000969620     0.000777475     0.000895834     0.000975819     0.999967420    -0.008012880    -0.002686266    -0.000769680     0.008013633     0.999967594    -0.052391123
1686624038.975111246     0.999999228    -0.000969620     0.000777502     0.000917431     0.000975819     0.999967420    -0.008012861    -0.002674058    -0.000769707     0.008013614     0.999967594    -0.053047163
1686624038.981588840     0.999999221    -0.000976817     0.000777519     0.000931820     0.000983016     0.999967413    -0.008012849    -0.002665128    -0.000769667     0.008013607     0.999967594    -0.053474909
1686624038.995132208     0.999999221    -0.000976817     0.000777555     0.000966544     0.000983016     0.999967414    -0.008012823    -0.002645735    -0.000769703     0.008013581     0.999967595    -0.054385858
1686624039.004799366     0.999999241    -0.000955334     0.000777581     0.000994132     0.000961535     0.999967435    -0.008012805    -0.002631367    -0.000769901     0.008013546     0.999967595    -0.055047136
1686624039.015011311     0.999999208    -0.000989374     0.000777609     0.001022992     0.000995573     0.999967402    -0.008012785    -0.002615528    -0.000769656     0.008013553     0.999967595    -0.055752714
1686624039.025345087     0.999999185    -0.001012338     0.000777636     0.001052469     0.001018537     0.999967379    -0.008012766    -0.002599258    -0.000769499     0.008013551     0.999967595    -0.056477805
1686624039.033379555     0.999999156    -0.001003164     0.000825233     0.001076674     0.001009852     0.999966321    -0.008144773    -0.002586021    -0.000817035     0.008145599     0.999966490    -0.057050225
1686624039.044937134     0.999999156    -0.001003163     0.000825269     0.001116915     0.001009852     0.999966321    -0.008144769    -0.002574337    -0.000817071     0.008145595     0.999966490    -0.057812935
1686624039.054998159     0.999999167    -0.000991984     0.000825300     0.001149775     0.000998674     0.999966332    -0.008144766    -0.002565180    -0.000817193     0.008145583     0.999966490    -0.058485004
1686624039.065039158     0.999999178    -0.000980828     0.000825332     0.001178831     0.000987517     0.999966343    -0.008144762    -0.002556989    -0.000817315     0.008145571     0.999966490    -0.059162730
1686624039.075204611     0.999999178    -0.000980827     0.000825363     0.001207532     0.000987518     0.999966343    -0.008144759    -0.002549129    -0.000817347     0.008145567     0.999966490    -0.059857523
1686624039.081565142     0.999999178    -0.000980827     0.000825383     0.001225908     0.000987518     0.999966343    -0.008144757    -0.002543763    -0.000817366     0.008145565     0.999966490    -0.060297064
1686624039.094963312     0.999999193    -0.000965940     0.000825424     0.001262978     0.000972631     0.999966358    -0.008144752    -0.002531542    -0.000817529     0.008145549     0.999966490    -0.061229830
1686624039.105058908     0.999999204    -0.000954723     0.000825456     0.001289825     0.000961415     0.999966369    -0.008144749    -0.002520236    -0.000817652     0.008145536     0.999966490    -0.061938841
1686624039.114964247     0.999993711    -0.000940037     0.003419662     0.015805291     0.000967239     0.999967839    -0.007961500    -0.000232724    -0.003412068     0.007964758     0.999962460    -0.009285199
1686624039.125251532     0.999993678    -0.000974327     0.003419879     0.016105603     0.001001529     0.999967805    -0.007961495    -0.000185904    -0.003412011     0.007964869     0.999962459    -0.009485110
1686624039.132331371     0.999993449    -0.001021833     0.003472417     0.016314679     0.001050800     0.999964583    -0.008350406    -0.000152281    -0.003463761     0.008354000     0.999959106    -0.009629494
1686624039.145321846     0.999993433    -0.001036267     0.003472700     0.016704699     0.001065236     0.999964567    -0.008350468    -0.000106621    -0.003463924     0.008354113     0.999959104    -0.009893444
1686624039.155161381     0.999993421    -0.001047200     0.003472915     0.017002457     0.001076171     0.999964555    -0.008350515    -0.000070594    -0.003464047     0.008354198     0.999959103    -0.010099796
1686624039.164998293     0.999993409    -0.001058130     0.003473130     0.017302918     0.001087102     0.999964543    -0.008350563    -0.000032776    -0.003464171     0.008354283     0.999959102    -0.010312261
1686624039.175131321     0.999993408    -0.001058130     0.003473351     0.017616821     0.001087105     0.999964542    -0.008350611     0.000008607    -0.003464392     0.008354332     0.999959101    -0.010541113
1686624039.181627274     0.999993400    -0.001065348     0.003473492     0.017820505     0.001094323     0.999964534    -0.008350642     0.000036272    -0.003464473     0.008354388     0.999959100    -0.010692735
1686624039.195061445     0.999993415    -0.001050422     0.003473785     0.018245759     0.001079400     0.999964550    -0.008350707     0.000091946    -0.003464891     0.008354401     0.999959098    -0.011016876
1686624039.205016136     0.999993414    -0.001050422     0.003474003     0.018565443     0.001079402     0.999964549    -0.008350755     0.000133199    -0.003465108     0.008354450     0.999959097    -0.011265757
1686624039.215029716     0.999993413    -0.001050422     0.003474221     0.018891379     0.001079404     0.999964549    -0.008350803     0.000174565    -0.003465326     0.008354498     0.999959096    -0.011524509
1686624039.225034714     0.999993389    -0.001072655     0.003474439     0.019220405     0.001101639     0.999964524    -0.008350851     0.000214287    -0.003465359     0.008354623     0.999959095    -0.011793457
1686624039.232024431     0.999993090    -0.001081245     0.003556874     0.019451261     0.001112096     0.999961683    -0.008683106     0.000241965    -0.003547349     0.008687002     0.999955975    -0.011986595
1686624039.245100737     0.999993073    -0.001095775     0.003557175     0.019887422     0.001126629     0.999961665    -0.008683232     0.000276291    -0.003547524     0.008687179     0.999955973    -0.012334743
1686624039.255051136     0.999993060    -0.001106832     0.003557404     0.020221646     0.001137687     0.999961652    -0.008683327     0.000301861    -0.003547657     0.008687314     0.999955971    -0.012605106
1686624039.264823914     0.999993047    -0.001117691     0.003557629     0.020552252     0.001148549     0.999961639    -0.008683421     0.000327034    -0.003547788     0.008687446     0.999955970    -0.012880133
1686624039.275252104     0.999993020    -0.001140866     0.003557870     0.020905946     0.001171725     0.999961611    -0.008683520     0.000355561    -0.003547826     0.008687629     0.999955968    -0.013182225
1686624039.281691074     0.999993028    -0.001133712     0.003558018     0.021124331     0.001164573     0.999961619    -0.008683582     0.000374126    -0.003548037     0.008687665     0.999955967    -0.013371135
1686624039.295017958     0.999993026    -0.001133713     0.003558325     0.021576020     0.001164577     0.999961618    -0.008683710     0.000413233    -0.003548343     0.008687793     0.999955965    -0.013768510
